0,437
0,436
0,435
0,434
0,433
0,432
0,431
0,430
0,429
0,428
0,427
34,4
0,426
0,425
0,424
34,3
34,2
0,423
34,1
34,0
0,422
0,421
0,420
0,419
33,4
0,418
0,417
0,416
33,3
33,2
0,415
33,1
33,0
0,414
0,413
0,412
0,411
32,4
0,410
0,409
0,408
0,407
0,406
0,405
0,404
0,403
32,3
32,2
0,402
32,1
32,0
0,401
0,400
31,3
31,2
0,399
31,1
31,0
0,398
0,397
0,396
0,395
0,394
0,393
30,4
0,392
0,391
0,390
0,389
30,3
30,2
30,1
30,0
29,3
29,2
29,1
29,0
0,388
0,278
0,387
0,386
0,385
28,3
28,2
28,1
28,0
27,3
27,2
27,1
27,0
0,384
0,319
0,318
26,4
26,3
26,2
26,1
26,0
0,317
0,316
25,4
25,3
25,2
0,283
0,243
25,1
25,0
24,3
24,2
0,9
24,1
24,0
23,35
3,2
3,1
3,3
10,34
10,22
10,180
10,118
10,136
10,124
10,2
10,3
11,5
11,9
11,6
11,16
11,2
11,3
9,4
9,6
9,2
9,3
8,11
8,4
